Voter Name,Voter ID,Father's Name
Arun Sundaram,EPIC11136,Ramesh Kumar
Arun Iyer,EPIC11137,Mani Natarajan
Siva Natarajan,EPIC11138,Prakash Natarajan
Nisha Natarajan,EPIC11139,Ramesh Rajan
Lakshmi Reddy,EPIC11140,Krishnan Reddy
Gokul Rajan,EPIC11141,Suresh Sundaram
